1 2
2 3
2 4
4 5
4 7
6 7
7 8
8 9
8 10
10 11
11 12
12 13
7 13
12 8
13 14
14 15
14 16
41 46
53 34
16 17
13 17
17 18
18 19
17 19
16 20
20 21
21 22
19 22
19 23
23 97
18 24
20 135
20 136
24 25
24 26
25 26
24 27
26 28
28 29
28 30
29 30
30 31
30 32
31 32
30 83
83 84
83 85
82 85
85 86
22 97
97 98
96 97
95 96
94 95
25 95
94 99
99 100
93 94
91 92
92 93
29 92
29 91
91 142
92 142
101 142
86 91
86 90
90 101
11 38
37 38
37 43
10 37
37 140
27 140
32 33
33 34
34 35
35 44
44 45
27 33
35 36
36 140
44 36
43 45
43 140
39 40
9 39
39 41
41 42
42 43
39 46
46 47
47 48
41 48
48 49
49 50
50 51
50 52
50 55
52 53
52 54
53 54
54 54
54 72
53 72
72 75
72 73
73 74
74 75
31 74
75 76
76 77
55 56
56 57
56 58
58 60
58 137
137 138
138 139
59 137
60 62
62 63
62 64
60 61
61 71
64 65
64 69
65 66
65 68
65 67
68 69
65 69
69 70
64 71
69 71
61 77
77 78
78 82
67 68
78 81
81 82
79 81
80 81
81 87
87 88
88 89
89 90
89 141
102 141
101 102
70 112
87 110
110 111
111 112
109 112
108 111
108 109
107 108
106 107
89 107
102 104
103 104
104 115
104 105
109 113
113 116
115 116
116 120
101 124
124 125
123 124
100 124
100 126
123 126
126 127
98 99
98 127
98 100
98 131
130 131
131 135
133 135
132 133
133 134
131 132
128 132
128 129
121 128
121 122
120 121
122 123
119 120
117 118
118 119
33 53
53 55
1 152
152 40
40 143
143 59
25 144
94 144
114 116
70 145
145 146
146 147
147 148
148 149
145 149
145 151
151 150
150 149
112 151
121 123