-360 260
-290 250
-305 290
-260 245
-235 265
-195 260
-200 235
-230 220
-260 200
-220 175
-175 175
-160 210
-150 220
-130 240
-135 245
-90 245
-125 195
-100 160
-75 180
-45 255
-30 225
-20 205
-40 165
-80 135
-35 125
-60 105
-105 75
-50 85
0 75
-25 45
-45 10
-85 10
-115 -10
-140 -10
-170 -5
-175 25
-190 95
-155 145
-275 65
-390 25
-255 30
-255 35
-190 45
-185 -5
-200 0
-285 0
-300 -110
-290 -125
-225 -135
-190 -145
-195 -160
-190 -85
-125 -65
-130 -120
-140 -145
-100 -155
-110 -185
-10 -170
-40 -360
75 -175
85 -95
110 -185
105 -205
160 -190
190 -195
185 -220
260 -250
240 -200
220 -175
235 -135
115 -100
-65 -75
-70 -60
-40 -50
-20 -45
30 -50
90 -60
95 -25
150 -30
210 -35
150 -20
100 5
35 25
35 35
100 10
105 45
150 25
150 50
155 60
110 70
75 90
60 110
50 125
30 150
15 160
10 175
-5 190
50 215
75 160
100 155
115 100
145 120
175 95
175 115
240 95
230 65
225 50
245 45
265 45
225 10
240 10
260 5
280 160
245 170
185 160
250 190
255 260
220 225
170 255
140 240
135 235
125 230
125 170
120 155
150 150
100 175
95 210
80 260
80 275
65 240
40 245
40 270
25 270
-5 290
-15 260
-35 355
-20 -245
15 -250
15 -230
-150 40
135 80
85 105
-400 -350
0 115
280 -140
295 -170
340 -175
345 -145
310 -140
325 -20
290 0
-385 170