777
17802 2034 7306
17802 20691 1774
17802 29863 820
17802 12921 7423
18692 23399 1147
18692 30232 6464
18692 16770 7688
18692 14006 6122
18692 3030 1749
18692 29377 3832
18692 25516 2666
18692 17650 7167
25670 21296 2891
25670 5930 3626
25670 10665 7508
25670 2341 7095
25670 8815 7519
25670 9682 7440
25670 2285 4339
22299 15674 1960
22299 17640 4992
22299 14946 7345
22299 14697 6450
22299 10629 6197
22299 27743 3639
22299 25393 3269
22299 7863 6434
20412 2770 1050
20412 12213 6994
20412 31048 2072
20412 18209 2348
20412 26656 1359
21932 17640 2720
21932 13723 2066
21932 3260 1066
21932 7863 1246
2770 5985 617
2770 13886 2422
2770 23787 4355
2770 16186 2999
2770 267 1373
2770 18182 3907
4907 21211 3318
4907 14783 5214
4907 23511 4910
4907 559 4143
19635 21131 1029
19635 658 4682
19635 30550 2129
19635 14006 6446
19635 9636 3300
19635 17650 3691
2707 21131 2479
2707 28970 4161
2707 13236 1217
2707 8324 613
2707 26325 5128
2707 18182 5470
11002 20691 3317
11002 13480 1151
11002 15911 949
11002 22265 2234
11002 25779 7570
12122 15288 5475
12122 27760 4271
12122 23990 2278
22126 1528 1104
22126 27608 3654
22126 2896 3919
22126 14122 4820
22126 559 6296
21962 18134 4594
21962 28006 7123
21962 28632 189
21962 26901 3391
1629 7748 7717
1629 13128 3285
1629 6486 2802
1629 10846 13
1629 16038 6147
1629 29377 7687
1629 3459 2748
862 30627 2416
862 19308 1057
862 30704 6802
862 12921 4902
20507 12163 6991
20507 30550 2651
20507 20309 1783
20507 18182 1556
3801 13334 3511
3801 5482 157
3801 4557 146
3801 26904 1987
3801 1945 3118
3801 15911 2339
3801 3030 268
3801 29374 7592
3801 12921 3634
21296 21131 6628
21296 24033 3241
21296 10846 2464
21296 23399 3850
21296 14946 3256
21296 14006 7098
21296 12543 2572
30248 2577 6791
30248 29496 7660
30248 9237 3214
30248 25516 5687
30248 26325 7464
10296 10589 3540
10296 1864 6452
10296 5583 7484
10296 18011 5663
16469 21131 1501
16469 7748 584
16469 10771 4217
16469 10873 4003
16469 31327 6676
16469 4745 2430
16469 10629 7217
16469 14538 2296
16469 20188 1046
16469 3030 2271
16469 28589 6809
16469 18105 592
12163 12146 3054
12163 28087 2459
12163 23787 7396
12163 14697 2884
12163 30136 3560
12163 27743 3753
13334 31513 3330
13334 13077 706
13334 8746 2064
1528 12213 4081
1528 29496 6722
1528 14041 7170
1528 9682 34
1528 26325 2665
1528 14281 4773
1528 29374 4638
12213 9112 300
12213 30550 7187
12213 1534 1625
12213 10160 6978
12213 2108 4320
12213 14122 4697
22982 21131 6852
22982 18339 1935
22982 16038 778
22982 18194 3310
22982 13236 3812
22982 32761 4496
5482 20760 710
5482 26855 5071
5482 13128 4840
5482 32393 1708
5482 31807 5260
5482 23397 1889
5482 13772 5530
26088 30550 4318
26088 5148 6028
26088 22077 29
26088 11166 458
26088 9179 2798
5985 24545 7618
5985 30627 531
5985 31807 4781
5985 20870 2648
21131 29284 4555
21131 14946 1220
21131 14650 7474
21131 8324 6916
21131 27723 66
18683 28289 5021
18683 13772 4382
18683 25779 6219
27090 19308 4733
27090 9513 1415
27090 10629 4842
27090 10597 98
27090 12325 6560
27090 2285 2622
18188 597 2705
18188 7671 4454
18188 12921 2546
19342 21211 6652
19342 18209 7221
19342 16770 2300
19342 22695 1358
19342 25585 1508
19342 267 5023
19342 27336 1516
5930 24807 5255
5930 1945 282
5930 30232 5382
5930 1534 954
5930 8253 3886
5930 2297 6826
5930 8741 3619
24545 6486 3877
24545 9186 47
24545 28087 6834
24545 9645 2265
24545 22265 911
24545 3459 4667
24545 10597 1175
7748 15288 2193
7748 8253 3678
7748 14757 922
2034 18431 1887
20760 18076 7360
20760 20201 593
20760 23558 2803
20760 26901 4475
20760 8741 7329
17671 11062 2877
17671 3459 2862
5447 12192 2700
5447 22184 7090
5447 22904 6091
5447 31048 2539
5447 1534 1448
5447 8324 6480
5447 17650 7110
4557 3775 1328
4557 3149 1873
4557 19308 3404
16406 22904 4669
16406 17640 1264
16406 5909 7516
16406 1342 854
16406 10597 2946
18076 12485 1194
18076 9112 1344
18076 11062 6308
18076 3246 1740
18076 25393 507
18457 30627 4165
18457 31807 5397
18457 9788 6111
18457 23927 6824
18457 12325 7548
26855 22371 6427
10589 3689 4695
10589 2896 3926
10589 9682 4889
10589 14281 639
1864 24033 3418
1864 2896 3574
1864 3260 3962
14291 9740 5026
14291 19257 4008
14291 15288 3014
14291 9237 7411
14291 29528 7585
14291 1342 6889
14291 9788 4891
3775 10873 6549
3775 21211 7195
3775 9112 504
3775 30309 48
3775 25585 3642
14848 13128 6867
14848 3149 4877
14848 24033 5956
14848 9237 7215
14848 14221 7429
14848 23988 7512
11042 20060 4006
11042 27378 6603
13886 27438 3260
13886 23397 5844
13886 28264 3239
13886 12543 369
5071 13128 7226
5071 23399 3102
5071 1945 4336
5071 14946 6476
5071 26231 2041
5071 9682 6371
5071 23927 6955
28446 29484 3521
28446 31807 343
28446 28289 2854
28446 19111 7385
28441 11062 7684
28441 3459 9
28441 17650 3655
12192 15674 3230
12192 6999 1107
12192 26736 5436
12192 20870 482
12192 2297 2
12192 3848 5429
12192 14203 1730
2577 14946 3144
2577 13894 5452
2577 24184 5367
2577 26901 3563
20060 18431 5796
20060 3246 2329
20060 30160 5516
20372 9913 6468
20372 13772 1851
20372 7794 621
20372 19555 752
18134 2341 7549
18134 31939 2640
18134 23397 1385
18134 12726 5621
194 24033 6861
194 14708 6686
194 27438 4206
194 20188 7227
658 20201 5642
658 29528 2537
658 22695 4500
597 27821 4158
597 2285 1447
30627 4793 7699
30627 14538 1341
30627 8746 3036
28006 10873 2699
28006 13723 6056
28006 14221 1119
28006 3030 218
28006 17752 3293
28006 8468 6683
28006 28264 1513
28006 12726 3435
28006 27723 848
12485 10873 4544
12485 19555 1337
12485 8324 3145
12485 25779 843
12485 14281 2082
18339 15949 7222
18339 26181 7058
18339 22077 1843
13128 23558 4028
13128 24184 1824
13128 23927 263
13128 17650 1294
13128 19204 2015
9740 24020 5834
9740 5583 746
9740 31081 4442
6486 9179 4872
6486 12726 689
22184 28319 5681
22184 20870 953
11093 26181 337
11093 29707 5029
11093 15260 5689
11093 27760 798
11093 3260 740
11093 8253 7752
20691 28632 423
20691 7671 7
20691 20309 3227
20691 4745 947
22904 10873 3362
22904 40 1931
22904 1534 6795
26904 31513 406
26904 19092 5151
26904 14783 6856
26904 26656 6780
16062 16373 4726
16062 26231 290
16062 29377 4857
16062 8468 5958
16062 18105 757
16062 12921 1265
27821 30232 4391
27821 31939 408
27821 8324 4160
27821 25516 7105
27821 17650 1709
24807 4745 5236
24807 14041 2308
24807 2297 5977
10771 12146 4304
10771 28209 1391
10771 29377 3073
10771 14650 2320
10771 27130 1276
10771 2285 749
15665 22371 6559
15665 1945 2588
15665 9179 167
15665 2297 3015
15665 29132 7626
22371 19092 6414
22371 14538 4937
22371 28056 1172
22371 13236 5957
22371 3459 4676
22371 14281 2235
22371 23988 6191
22371 19204 120
28632 20201 4886
28632 14946 1115
28632 12325 3683
3149 27608 499
3149 5909 4427
3149 3689 5412
3149 9112 6055
3149 19257 3849
3149 16373 6225
3149 19111 1753
3149 14697 1354
3149 14757 3611
3149 2297 668
29863 29284 372
29863 14538 3483
29914 29496 1320
29914 9805 7144
29914 11166 473
29914 27378 1550
29914 14122 2006
12587 31048 2496
12587 18431 1601
12587 27760 4429
12587 26231 1681
12587 29528 1308
12587 22695 4200
12587 14538 5118
12587 30704 4425
12587 17650 3186
19308 31513 1301
19308 1945 1608
19308 22077 4230
19308 4745 2337
19308 27130 378
15674 23444 3547
15674 23787 871
15674 16770 1756
15674 27743 4484
15674 31081 7361
15674 9788 5954
15674 12921 3160
23444 32761 972
23444 19555 728
23444 30160 465
23444 25779 7020
17640 12146 6282
17640 31048 1628
17640 13894 3425
7345 28970 6060
7345 28289 433
7345 27760 5252
30518 3030 4497
10873 26181 3921
10873 15600 5644
10873 11166 3956
10873 29132 2145
20201 10665 4621
20201 40 7044
20201 28056 1366
20201 29132 307
21211 8746 4227
21211 26901 3998
21211 19555 6748
21211 8324 1928
12146 9913 5423
12146 28289 5025
12146 24184 5039
12146 14221 2497
12146 20870 1820
12146 26656 7175
27608 15911 3343
27608 14650 5677
24020 4622 644
24020 8746 1852
31048 13723 1440
31048 28970 6869
31048 30601 2351
31048 8253 7242
31048 14122 2756
24033 23584 1999
24033 27336 4068
10665 2341 4019
15949 27760 1098
15949 23584 1622
15949 14006 3769
15949 25393 7037
10846 5583 1541
10846 17752 5945
10846 9179 2903
10846 14757 436
29284 10160 4041
29284 9179 5149
29284 23988 3408
5909 16038 199
5909 18209 4168
5909 30309 1113
5909 5148 4501
5909 22265 4944
3689 28970 1268
3689 3566 4250
3689 23558 16
3689 18105 4837
9513 3260 3119
9513 25321 4288
9513 23990 1031
9186 29707 5555
9186 28289 7051
9186 24360 3918
9186 26901 4643
29496 30309 3436
29496 1534 5451
9573 23369 1522
9573 14221 4392
9573 23927 2508
26181 29484 7416
26181 8746 1317
26181 7794 2894
13723 12726 4292
13723 7863 3872
2341 31327 2592
2341 20309 3157
2341 30136 784
2341 14122 7161
9112 28589 4738
9112 25393 5753
9112 25516 3901
18431 7671 4407
18431 14757 792
18431 7863 3550
9913 24360 2323
9913 8468 3967
9913 14757 3826
9913 18182 1292
28970 23399 690
28970 5583 2470
28970 28289 1975
28970 3566 6400
28970 12921 3916
16038 267 1001
28087 1945 1688
40 9237 5853
40 14697 4316
40 25321 1239
40 27378 168
40 23927 1270
30550 28589 5596
30550 7863 6214
7671 31807 4583
7671 22077 7593
7671 16770 3865
7671 20188 6040
7671 20870 3130
7671 25393 4678
7671 26325 2133
7671 559 4533
32393 23787 70
32393 12325 1839
32393 8741 5626
13480 30309 2104
13480 30136 4734
13480 3459 5944
19257 16770 713
19257 28056 4919
23399 14697 957
23399 9179 5509
29484 9682 5011
29484 29374 1914
29484 8741 2171
18209 31513 3670
18209 5583 1395
18209 30601 3208
18209 30160 7695
18209 14203 643
23787 3566 1332
23787 8746 1723
23787 14221 737
31513 1945 2509
11062 23369 1647
11062 10160 6870
2896 15600 2775
2896 24360 1421
30309 16770 1318
30309 2285 5107
15600 31327 5383
15600 14006 4960
15600 12325 3779
1945 14697 2068
1945 23397 4435
1945 10160 3520
1945 2108 2766
5583 31939 597
5583 20239 3880
5583 11166 6756
5583 2108 4836
5583 3848 3898
5583 14203 7685
5583 29374 2274
30232 23990 5090
9645 28209 2703
4622 28289 6944
4622 14041 5821
15782 19092 2084
15782 13772 327
15288 3030 4762
15288 22265 82
29707 14538 2045
29707 30160 6774
29707 23511 1327
29707 8324 7481
29707 12325 6847
29707 12921 3609
1320 27743 5975
1320 12325 3253
28289 14041 6863
28289 23584 5294
28289 16186 1439
28289 7863 2816
15260 267 7064
15260 8324 7267
23369 16373 1488
23369 22265 5385
23369 23990 4107
23369 12921 1734
16373 15911 4607
16373 27743 6581
16373 10160 666
31939 30136 6773
31939 18194 227
9237 10160 5638
9237 31081 4374
9237 10597 4782
31327 14697 529
31327 7863 7617
31327 23988 2589
8815 19092 4832
8815 2297 6294
14946 29528 4266
14946 11166 6992
14946 14122 346
20309 16770 3089
20309 18194 7333
20309 27378 3232
20309 27336 3794
4745 267 264
14708 19092 1569
14708 19555 2247
20239 14783 863
20239 20188 454
20239 14122 5319
6999 29374 5650
19111 13772 6538
3566 16186 5014
3566 14650 1630
26462 27378 5924
26462 3848 1832
27760 24360 4148
27760 28209 2438
27760 8253 7532
27760 25321 893
27760 14122 7575
30601 18194 6903
30601 19555 305
23558 14650 7380
23558 30704 5729
23558 27723 803
24360 19555 5867
15911 19092 95
15911 10160 391
14697 25779 3022
19092 8746 4002
19092 12325 1059
19092 9636 4887
27438 1534 2443
27438 28209 1049
27438 14757 1478
27438 17650 1680
13894 9243 1760
4793 14041 6355
4793 16186 993
4793 13772 1593
4793 11166 6702
4793 17752 124
14041 28209 6330
14041 25516 1650
1534 8324 5041
1534 12726 6370
1534 23988 2009
1534 559 3827
28209 25516 581
28209 19204 1879
26736 1342 1322
26736 25321 788
9243 12921 3819
26231 31081 676
26231 13236 1906
26231 19204 3606
14783 16770 7369
16770 12726 6272
16770 559 1806
29528 22265 1868
22695 2285 3696
23397 3260 4830
25585 13077 4178
25585 7863 6960
9805 1342 903
3260 30704 1371
3260 12921 274
13077 29374 292
13077 19204 2198
14538 25393 4047
14538 25516 1483
14538 559 3544
14538 2285 470
27743 29374 6540
20188 11166 3048
20188 18105 6859
20188 30704 207
20188 3848 2122
28056 26656 846
13772 19555 5882
8746 10160 6716
8746 29132 422
14221 30704 6118
11166 30160 2804
10160 18105 4419
10160 12726 376
10160 14122 2034
3030 26901 6747
29377 9636 7524
26901 14757 2023
28589 28264 6458
28589 3459 2815
28589 18182 3192
8468 28264 2734
8468 12921 2063
18194 25779 4133
18194 23988 5680
18194 29374 4104
8253 20870 1411
8253 25779 2264
8253 26325 271
20870 18182 7584
1342 12726 4990
14650 2297 3152
14650 23990 1370
12543 25516 4651
12543 10597 4393
12543 9636 5643
32761 12325 6751
2108 8741 1426
18105 559 7339
25393 18182 5019
9682 9788 1499
9682 12325 6924
267 10597 1679
23511 2297 2575
23511 27378 6534
25321 25516 3630
25321 14203 1637
25321 19204 3586
2297 29132 1215
2297 18011 2991
25779 2285 1390
26325 26656 3835
30704 14281 1607
14281 17650 2807
29132 18011 427
27378 2285 3773
27378 19204 693
10597 12921 1040
27723 2285 6746
27130 3848 2474
17650 8741 5900
