500
18721 1072 2175
18721 17857 2986
20109 32174 614
20109 32589 3013
20109 23272 1593
20109 5840 3639
20109 1276 4126
20109 24162 564
20109 16012 4664
20109 26187 2182
30581 25992 3979
30581 2812 4510
30581 14598 4767
30581 31094 1153
30581 20381 165
30581 11704 4900
30581 1514 2612
29737 23078 4710
29737 16239 3103
29737 5536 1682
29737 2856 4533
29737 27032 1171
29737 11704 4284
28408 6980 2394
28408 12077 4341
28408 32589 2325
28408 23272 3972
28408 2856 3105
28408 29168 4151
28408 13081 76
28408 22219 3912
26167 16530 1669
26167 25603 3481
26167 21587 4655
26167 25673 384
26167 8372 1591
23078 31398 4240
23078 29550 3092
23078 4357 2559
23078 32326 3290
23078 25579 1832
32585 22879 727
32585 17329 4326
32585 28450 876
32585 11704 36
32585 22219 3053
9025 14346 3567
9025 9801 6
9025 29937 3709
9025 25673 4546
9025 12468 2248
9025 23162 4509
31398 9801 4248
31398 18604 4887
31398 3912 4262
31398 26224 780
29244 28451 2622
29244 29550 1312
29244 25269 1922
29244 21587 1645
29244 9466 2667
29244 24063 289
29244 2856 3772
29244 28636 4731
31515 29550 695
31515 9314 2625
31515 25269 931
31515 25992 3037
31515 29937 4884
31515 29862 3097
31515 22219 3371
5838 16530 1963
5838 31211 2700
5838 8372 399
5838 32326 3419
5838 29168 1941
5838 17076 1882
5838 20661 2228
20784 25508 2164
20784 2812 270
20784 24162 2155
10311 29550 4272
10311 24268 2258
17468 31758 4607
17468 7499 647
17468 9709 1644
17468 2812 504
17468 14598 1509
17468 2856 22
17468 457 1446
12509 9314 2971
12509 9466 1106
12509 2856 1724
12509 32129 214
12509 1514 1501
31984 31758 4067
31984 15760 4800
31984 17857 3615
31984 3369 351
10373 12077 2024
10373 29862 185
10373 10544 1310
10373 17076 4255
10373 25579 1336
10373 5599 3711
10373 3369 3244
25929 29550 476
25929 15328 1744
25929 28450 833
25929 20381 1307
25929 11704 4690
25508 25217 88
25508 24376 1604
25508 1276 2918
25508 8813 3360
25508 8122 3631
12558 18604 2902
12558 364 960
12558 25673 507
12558 8574 1175
12558 1616 3862
12558 8122 973
31758 29550 1030
31758 27325 2236
31758 3912 2815
31758 17308 2350
31758 32589 2095
31758 16012 4170
31758 21902 910
6980 26001 2269
6980 20541 4922
6980 19468 3770
6980 9365 446
6980 1514 4190
6980 7090 4748
6980 25579 4098
6980 3369 4819
12077 28135 4576
12077 1072 667
12077 27147 1068
12077 32326 502
12077 26375 2099
2112 9466 3643
2112 24332 958
2112 8298 1865
16975 31034 698
16975 28135 121
16975 4757 2563
16975 32244 216
16975 8372 4108
16975 2856 4737
16975 20018 3802
31034 14346 415
31034 9801 3449
31034 24063 10
31034 26881 971
31034 29168 1802
18020 25842 4362
18020 7707 3073
18020 17076 3605
26001 32244 2357
26001 18327 2514
26001 26224 1810
26001 12855 2098
26001 8298 1086
26001 1514 518
26001 10130 1080
7865 1588 3938
7865 29168 1038
7865 28636 4559
28451 32174 4531
28451 28537 1953
28451 28636 2603
28451 23162 2049
2671 16239 3673
2671 21424 2318
2671 9709 519
2671 17387 93
2671 29168 1687
2671 457 1061
21090 16530 4231
21090 23702 2685
21090 12633 127
21090 25673 1597
11962 25992 3578
11962 2380 3932
14346 10024 3844
14346 10544 2736
14346 8556 723
14346 12468 2620
32174 9801 3499
32174 3369 367
7149 18604 2306
7149 24585 2298
7149 26881 4952
7149 10544 3747
7149 8556 3256
7149 28450 3264
7149 20381 217
29550 10955 3086
29550 27325 4992
29550 7707 2434
9314 3912 2693
9314 13081 1470
9314 26375 4565
16530 25842 4646
16530 8372 2710
16530 9527 3452
7822 12633 856
7822 20661 3914
7822 4749 3048
28135 28450 4917
28135 22219 1807
290 364 1369
290 9709 4436
290 2380 1551
290 26375 4356
19468 20687 1896
19468 10561 4244
19468 9527 2058
1072 9466 1342
1072 7707 4758
1072 13081 4198
1072 20042 150
23821 7499 4861
23821 20687 3413
23821 29862 1102
23821 10544 1510
23821 21902 2490
10955 22219 4347
25603 9365 4489
3762 15760 590
3762 21587 734
3762 11147 3878
3762 10741 2404
3762 27147 3296
3762 18327 461
3762 17994 1909
3762 10 2674
3762 28524 2031
3762 26224 3805
4757 3369 2362
19335 14598 2144
19335 18327 4786
19335 19904 901
16239 25992 1222
16239 24585 663
27325 21698 3217
27325 23702 2026
27325 25842 3039
27325 18327 2127
27325 1276 4712
32244 10741 2961
32244 17857 2023
32244 7707 1658
32244 10544 473
32244 25579 4036
18011 1276 2889
18011 29168 1006
25269 7499 2602
25269 9365 2658
25269 25673 1184
25269 6674 3151
25269 10544 4956
25269 19033 2836
25269 10130 2608
31211 10 1133
31211 8372 4919
31211 8813 472
18604 12633 1348
18604 2380 1930
18604 24268 3885
18604 22879 1816
18604 15132 3619
21424 17308 4097
21424 24063 1298
21424 1514 1095
21424 22219 1871
28537 9466 1736
28537 9365 4193
28537 26224 3424
28537 23162 1632
15760 2380 2199
15760 24162 4117
15760 15328 3036
15760 12468 1392
15760 7090 1197
10024 9466 1316
10024 24268 2766
1588 2459 2983
1588 18256 4793
1588 17387 2935
3912 23272 1979
3912 27147 2336
3912 17994 1160
3912 20381 2202
21587 23272 2028
21587 6643 1313
11147 25217 3940
11147 23702 3658
11147 25540 596
11147 31128 2390
11147 20687 4904
11147 20381 1421
11147 9527 3808
7499 13081 484
7499 19033 429
7499 15132 4997
25217 506 2634
25217 8298 2343
364 506 1060
364 14598 3043
364 2207 1549
364 28450 1016
364 28472 1902
24376 5536 2498
24376 21623 1870
24376 17329 547
24376 15132 2317
17308 10561 4241
17308 8298 3638
21698 27663 4471
21698 10544 2895
32589 24585 302
32589 17994 2960
32589 1276 1371
23272 21902 1500
5840 20687 1457
5840 19904 1224
5840 4111 1229
5840 457 4115
5536 25540 4529
5536 8574 4263
5536 29862 3134
25992 17994 417
25992 9365 236
25992 13081 4484
25992 26224 1375
25992 26187 1596
25992 1616 2537
25992 19033 357
9466 10 142
9466 10544 545
9466 24162 3540
9466 28472 1362
23702 2207 772
2459 19904 593
2459 4111 4525
9709 9365 3110
9709 4111 4804
18954 12633 3118
18954 16012 4540
2283 28524 3008
2283 8574 2268
2283 10561 4325
2283 8122 1585
18256 6643 2711
18256 2380 2396
18256 20018 2158
18256 4753 4137
18256 19033 4841
25842 19904 21
25842 4749 468
25540 4749 53
31128 25673 3851
31128 5599 2006
29937 18327 3636
29937 10 3657
29937 28472 1148
12633 20687 2947
506 17994 2869
506 17387 4557
506 32129 3550
506 8122 4961
6643 20018 1529
6643 9527 562
24332 27663 1182
24332 8574 3740
24332 29862 3785
24332 28450 4650
24332 20381 4254
10741 31094 390
10741 15132 1957
14598 8556 2400
14598 20661 4749
14598 11704 420
2380 4357 1396
2380 11068 1685
2380 8298 3081
2380 457 1641
2380 5599 226
24585 32129 4380
24585 20381 2387
24585 9527 3082
18327 20687 3382
18327 27032 4553
18327 13081 2267
18327 10561 4864
18327 1514 815
18327 19033 831
17994 25673 1717
17994 27663 3991
17994 4320 1401
10 4111 1422
10 6674 3982
28524 2207 3459
28524 24162 2090
20687 25673 1433
20687 4320 2841
20687 28472 2866
19904 13081 1656
19904 3369 3775
19904 10130 4542
25673 24162 2124
25673 12468 4882
25673 457 2471
25673 22219 2903
4357 4111 2705
4357 7707 1779
4357 8556 4669
4357 10561 4579
4357 15132 899
24063 8813 1274
24063 10130 4857
31094 12855 4899
31094 28450 2067
27663 2733 69
27663 15328 391
8372 32326 4836
8372 22219 579
2856 15132 2699
27032 7707 3292
27032 21623 2852
27032 29862 4760
27032 1616 2365
27032 10130 3125
4111 26881 207
4111 6674 1481
4111 20042 13
17857 28636 1484
17857 20661 3026
17857 4753 3346
7707 457 3707
2733 26881 3289
2733 11068 4425
2733 26375 2037
32326 8556 625
26881 11068 2341
26881 17329 3236
17387 20042 1193
24268 32129 3165
21623 28636 4806
1276 20880 1886
1276 6674 1835
22879 20018 697
22879 4753 4870
22879 8813 1477
8574 20018 4976
8574 12855 1976
8574 28450 319
8574 3369 2975
29168 2207 1027
28636 32129 148
11068 2207 925
4320 10561 4166
13081 22219 2411
17329 3369 3607
6674 26375 2818
6674 12468 1499
29862 4749 4563
10544 4753 4491
26224 28450 4178
26224 8813 4520
26224 4749 95
26375 11704 2246
26375 5599 3736
8556 457 3101
20018 17076 4129
20018 2207 707
20018 15328 3067
20018 28450 4182
20661 457 1578
15328 28450 3121
15328 28472 306
15328 8298 427
15328 8122 1587
32129 23162 823
4753 12468 366
4753 16012 1139
12855 8298 3668
12855 3369 2081
12468 3369 985
28450 22219 2221
16012 23162 1660
21902 19033 3484
21902 3369 4977
26187 25579 452
28472 15132 715
28472 20042 2867
23162 5599 642
