900
31330 22963 7519
31330 3605 4558
31330 26830 2673
31330 30351 5898
31330 20027 188
31330 18589 578
31330 9501 2962
31330 361 3345
31330 24090 37
16638 17320 5077
16638 8368 6344
16638 7305 7420
16638 11078 4964
16638 28532 566
16638 4511 6122
16638 15045 8690
16638 8415 1300
16638 24163 4276
27984 12146 4281
27984 20027 2209
27984 24124 3453
27984 26246 4456
27984 9464 2314
27984 12224 339
27984 27961 4626
27984 1666 3464
19353 22295 2428
19353 83 2403
19353 8660 547
19353 12437 6676
19353 23496 4832
19353 16828 8039
19353 18662 2709
19353 13434 3460
19353 6076 8313
19353 30499 111
19353 1802 7879
19353 26342 3855
19353 22768 8661
7149 21912 119
7149 3605 6112
7149 16980 8544
7149 15045 2626
7149 16808 3003
7149 1024 3233
7149 41 8760
7149 19011 837
7149 21989 4828
27287 31578 4524
27287 22295 2293
27287 29515 6175
27287 4511 1729
27287 20131 2961
27287 17048 5591
27287 21490 2712
27287 2013 5473
31772 13132 7466
31772 22010 299
31772 13353 4386
31772 8660 6325
31772 16828 4528
31772 6359 8016
31772 14849 6031
31772 6250 3938
22963 83 1059
22963 17284 5687
10857 17353 7380
10857 10059 2752
10857 20131 6553
10857 17015 144
10857 17530 4073
10857 20455 3554
10857 4909 2117
10857 30228 7682
10857 31003 746
10857 10462 3960
23559 14324 4709
23559 29515 1356
23559 18821 3226
23559 26331 7422
23559 17015 3308
23559 5093 6640
23559 8415 382
23559 14957 8857
23559 19011 2924
31578 21912 3427
31578 7305 3485
31578 28532 2848
31578 25544 6177
31578 8799 6091
31578 12364 716
31578 13434 2069
25227 3605 7314
25227 8491 783
25227 18109 4855
25227 4384 3592
25227 12778 2661
25227 20455 1334
25227 31003 8263
25227 25956 7189
30826 22010 7437
30826 83 327
30826 20061 1037
30826 13353 258
30826 10059 4935
30826 26859 5322
30826 12127 2317
30826 18662 380
30826 12075 6404
30826 22082 1170
30826 6076 2267
30826 31811 1808
30826 14849 6482
17320 21211 4008
17320 7305 4099
17320 26830 5272
17320 10893 5285
17320 26246 5676
17320 16828 4219
17320 4909 2166
17320 31003 7072
17320 3737 8721
17320 24163 1510
11726 26798 992
11726 31420 1137
11726 10585 3545
11726 22082 8610
11726 25956 5718
11726 30571 7944
29798 27274 6764
29798 4384 8155
29798 30351 8280
29798 19215 1646
6006 21912 8618
6006 10512 5033
6006 22010 4138
6006 27961 8457
6006 20455 8557
6006 14957 8908
6006 31811 3909
6006 361 551
6006 1024 6857
6006 17549 8296
30708 13132 6099
30708 18363 4990
30708 18389 5684
30708 10902 5309
30708 13434 897
30708 30499 3717
30708 31811 4223
30708 24163 3989
11997 8359 7033
11997 10316 4777
11997 22295 4553
11997 8491 969
11997 26962 5641
11997 17048 2708
11997 16808 6329
11997 11310 4421
11997 7807 4116
11997 3737 5067
8359 28532 3602
8359 22441 2826
8359 528 329
8359 10585 3128
8359 12224 1442
8359 12778 3254
8359 4909 6789
8359 22768 7594
26798 16980 720
26798 8491 6548
26798 10011 3582
26798 13353 1399
26798 26331 6167
26798 9501 2085
26798 13434 2283
26798 15307 4645
26798 16808 3820
26798 19011 6559
21912 26830 7992
21912 30351 4295
21912 29515 5465
21912 4511 5623
21912 18821 1713
21912 8799 7919
21912 8415 5531
21912 10903 708
21912 41 8370
21912 228 6510
21912 21989 2796
21912 11293 5914
21912 3594 883
10316 11078 4256
10316 26962 5492
10316 9501 4700
10316 17048 6779
10316 13434 6621
10316 24704 2349
27274 21211 8099
27274 3728 703
27274 4724 4993
27274 23496 7683
27274 14584 5367
27274 14957 6659
27274 19533 2261
27274 26342 3330
27274 41 6017
27274 24704 7954
27274 11293 4197
8368 17085 2556
8368 4511 35
8368 528 8739
8368 29942 4040
8368 24163 4879
8368 11859 5843
17353 10512 3712
17353 22010 5419
17353 10011 4237
17353 26331 4001
17353 27961 5475
17353 14584 62
5450 20027 7952
5450 18389 2947
5450 22784 7820
5450 10104 3029
3605 18363 8701
3605 6310 5192
3605 12224 7697
3605 15307 4108
3605 3594 5312
17085 8660 5223
17085 8799 1637
17085 9464 8817
17085 10104 3698
21211 7305 1245
21211 22010 7067
21211 3728 3222
21211 17015 7716
21211 23496 5282
21211 30499 1460
21211 361 2024
21211 2013 2304
21211 10104 3479
21211 904 1507
21211 41 3905
21211 10462 3208
21211 228 3065
21211 6359 6604
14001 13132 10
14001 8491 8561
14001 27520 4637
14001 13353 1394
14001 4724 685
14001 26331 3132
14001 19022 21
14001 22784 8363
14001 16828 3945
14001 12075 4322
14001 22082 2879
14001 21490 4831
14001 11387 3964
13132 24749 7132
13132 8491 859
13132 10893 5147
13132 26859 4856
13132 18389 7278
13132 19953 6137
13132 528 772
13132 12437 4847
13132 13434 5668
13132 14584 529
13132 1802 2485
13132 3594 749
22295 11078 723
22295 14667 8451
22295 6698 945
22295 18662 3390
10512 5451 1779
10512 30351 2892
10512 25804 8403
10512 18589 4381
10512 18662 4660
10512 361 834
10512 10104 7539
10512 20524 8558
10512 30571 6152
7305 22010 8324
7305 9 3908
7305 19215 5323
7305 3737 4032
7305 11293 5351
24997 18363 5066
24997 5451 8205
24997 1024 7014
24997 26342 5110
24997 3594 8853
24749 26830 3312
24749 8790 1075
24749 14324 5294
24749 18109 3597
24749 32452 8249
24749 23088 887
24749 10585 7353
24749 12075 6919
24749 30499 5690
24749 24090 7636
24749 24094 3015
12718 23088 2719
12718 4724 3819
12718 19953 613
12718 12364 6788
12718 12075 2415
12718 30499 5959
12718 29942 7641
12718 6490 6181
12718 22768 3338
12718 17549 1991
26830 4724 8094
26830 19533 767
26830 31080 4482
26830 7807 649
18363 28532 4623
18363 19915 5760
18363 14123 3685
18363 17530 1737
18363 410 6527
18363 31080 1091
18363 30228 488
18363 12635 8357
18363 7807 670
18363 11387 3042
18363 30571 4158
18363 24380 2407
22010 5451 4912
22010 10902 5756
22010 22441 5427
22010 26342 1319
22010 25956 4274
16980 12146 1056
16980 10893 535
16980 24998 7874
16980 10059 4630
16980 9501 7763
16980 12075 7148
16980 410 8587
16980 4909 6537
16980 1024 8029
16980 11293 2858
12146 14324 6053
12146 30351 2210
12146 10059 1600
12146 29515 4317
12146 9360 3701
12146 4909 6953
12146 30228 3190
12146 31003 2685
12146 228 1326
12146 25956 3973
12146 14849 6455
12146 11859 6313
11078 10022 224
11078 9501 6176
11078 4909 5957
11078 14849 3773
8491 10902 1874
8491 6698 1034
8491 16828 4141
8491 30499 5649
8491 10104 2819
8491 14849 3067
8491 30571 8717
10893 19915 5589
10893 9 2659
10893 1666 5389
10893 31003 4181
6054 20131 4586
6054 17015 3953
6054 9853 2841
6054 16828 1539
6054 8415 8079
6054 22082 1549
6054 11310 1653
5451 26859 6601
5451 10902 2891
5451 20131 3791
5451 23933 2895
5451 31080 3906
5451 1024 7391
5451 22768 2089
27520 25804 8174
27520 19953 2814
27520 17015 1079
27520 32667 7752
27520 5093 6680
27520 6698 7768
27520 10903 2637
27520 4909 5011
27520 26342 2327
27520 10462 880
24998 18589 7616
24998 23933 4880
24998 19022 5222
24998 20455 1486
24998 31811 4066
24998 24090 3014
24998 25956 283
8790 25804 6054
8790 18389 4255
8790 18589 8496
8790 10585 7073
8790 10481 1537
8790 17530 5643
8790 31811 5495
8790 24090 6945
8790 19011 5835
8790 3594 6977
3728 31420 4704
3728 15007 3828
3728 6698 3752
3728 1666 6596
3728 19533 6083
14324 20027 3508
14324 25804 1381
14324 31420 4270
14324 10585 2164
14324 18662 1254
18109 13353 2110
18109 22441 6436
18109 26331 7619
18109 1802 6189
14834 2207 791
14834 10059 3078
14834 15007 728
14834 6310 5327
14834 10903 1640
14834 6490 2439
14834 31003 2765
14834 24163 3041
14834 19011 4741
14834 14849 915
14834 21989 1604
14834 11859 3536
14834 6250 8262
14834 24704 7078
83 23088 1046
83 18589 6287
83 17530 6872
83 3594 240
4384 2207 4596
4384 12685 6776
4384 31080 8469
4384 16808 2383
4384 2013 574
4384 26342 1026
4384 10462 2257
4384 19011 8009
4384 14849 1147
4384 24704 7660
10011 17284 4737
10011 29515 5512
10011 18589 5029
10011 12127 5250
10011 15307 6161
10011 12635 4176
10011 10462 1794
10011 6359 5131
28532 30351 1845
28532 4511 7448
28532 20455 6336
28532 6076 1302
28532 6250 2651
3387 10059 8907
3387 5093 3296
3387 12127 6573
20061 17015 3361
20061 12224 6469
20061 12778 3956
20061 11310 3126
20061 41 1098
20061 3737 4166
20061 24380 3157
32452 26962 8704
32452 15007 8329
32452 16828 2100
32452 12778 8211
32452 1024 1676
32452 2013 7651
2207 30659 3020
2207 23933 1348
2207 12127 5273
2207 17048 8168
2207 11859 8432
2207 17549 5622
30351 23088 7294
30351 528 3520
30351 12437 3920
30351 5093 8565
30351 9464 8645
30351 17530 7226
30351 9853 8158
30351 30499 4708
30351 6490 7968
30351 12635 8198
13353 4511 6873
13353 10902 7407
13353 6698 6515
13353 12685 982
13353 41 7627
13353 11387 2994
13353 6250 6398
10059 26246 5317
10059 15045 6187
10059 19022 8085
10059 6076 1901
10059 31003 2734
10059 24090 114
10059 19011 6536
17284 22832 484
17284 30499 8682
17284 1024 6767
17284 11310 7585
17284 21989 5157
29644 26859 3147
29644 25804 4230
29644 14667 8433
29644 32667 4370
29644 23933 3784
29644 410 6306
29644 21490 1461
29644 21989 899
26859 26962 5571
26859 27961 1555
29515 10481 1974
29515 22784 2303
29515 15307 7435
29515 24163 157
29515 14849 8346
4511 24124 2277
4511 18589 8665
4511 9501 7926
4511 27961 1164
4511 18662 6600
4511 10903 2124
4511 19215 8073
4511 25956 2354
4511 11293 3283
4511 3594 4177
20027 30659 2582
20027 12364 6718
20027 30228 3947
20027 6490 175
8660 14123 989
8660 10022 2575
8660 26246 5002
8660 15045 3628
8660 9464 846
8660 410 1041
8660 361 4603
8660 7807 3931
8660 20524 5115
23088 6310 331
23088 8415 3011
23088 14584 8871
23088 14957 3680
23088 24704 5335
26962 21952 8471
26962 19011 453
26962 14849 4305
24124 17048 2760
24124 10903 4351
30659 410 3742
30659 19533 393
30659 361 3316
30659 1802 2973
30659 228 2423
25804 8036 816
25804 18589 2311
25804 9360 5163
25804 6698 1406
25804 26342 7005
25804 904 2239
25804 12635 5089
25804 22768 7973
25804 17549 931
18821 14667 5430
18821 12364 7066
18821 2013 6300
18821 30571 3245
19915 20131 3357
19915 1024 2263
19915 6490 1861
19915 19011 5451
19915 30571 503
18389 14123 928
18389 4724 1641
18389 9501 218
18389 23496 934
18389 23933 301
18389 17048 2361
18389 30228 4639
18389 6490 5402
18389 904 7196
18389 10462 5552
18389 11859 4650
10902 14667 629
10902 12224 2964
10902 16808 1452
8036 14123 27
8036 6076 1695
8036 4909 1429
8036 24090 7766
31420 25544 3466
31420 528 5128
31420 26246 5454
31420 1666 5865
31420 8415 3352
31420 14584 4760
31420 14957 4056
31420 30228 7771
31420 7807 2410
31420 20524 7655
18589 31007 788
18589 1802 1650
18589 11859 3675
18589 30571 5675
18589 17549 1807
22441 12437 3887
22441 19022 6842
22441 12127 3880
22441 31811 3089
22441 228 4188
22441 24163 2463
14123 26246 3281
14123 19022 4353
14123 30499 2445
14123 26342 1894
14123 7807 5240
20131 10585 2404
20131 9360 4303
20131 17015 8580
20131 1802 4447
20131 14849 5360
20131 11859 2030
20131 6250 5467
4724 9501 6055
4724 12075 5834
4724 6076 2717
4724 904 66
4724 228 5205
25544 23496 8315
25544 12364 3
25544 13434 4475
25544 41 1766
25544 228 6589
25544 24090 4210
10022 23496 7444
10022 3737 4881
19953 31811 2315
19953 16808 1817
19953 11310 3372
19953 24090 686
19953 11293 4532
528 8799 4344
528 14667 2231
528 12127 1397
528 6359 5821
15007 30499 6494
26331 22784 6610
26331 30571 7201
8799 15307 654
8799 2013 1726
8799 10104 1835
8799 19011 1841
10585 9360 6942
10585 12127 5635
10585 24163 2432
10585 24704 6225
14667 10481 7406
14667 12364 5074
14667 29942 6241
14667 6359 794
14667 11859 6243
26246 12224 3323
26246 22082 5365
26246 14584 4697
26246 21490 2701
26246 21989 1939
9360 12127 5621
9360 24090 409
9360 24094 3763
9360 24704 1010
17015 17530 2914
9501 12127 4938
9501 17048 907
9501 12685 6972
9501 24090 6095
15045 12127 72
15045 4909 1285
15045 1024 576
15045 2013 1416
15045 1802 4205
15045 30571 4433
10481 22832 1347
10481 17048 3122
10481 20455 782
10481 904 4368
10481 20524 451
10481 24704 4362
22832 21989 4822
32667 12364 1336
32667 6076 1451
12437 27961 805
12437 14584 5770
12437 30228 3221
5093 10903 7670
5093 12635 4952
5093 41 3801
7793 12778 7781
7793 15307 3653
7793 19215 2524
7793 14849 5185
23496 9853 972
23496 1666 3699
23496 6076 5062
23496 4909 5026
23496 29942 4214
23496 24163 993
23933 12224 6661
23933 12778 5392
23933 17048 437
23933 10903 1435
23933 361 4218
23933 31080 3860
23933 1024 2695
23933 30228 3110
23933 25956 4776
31007 30228 5906
31007 10104 5699
31007 12635 6893
31007 10462 8425
6698 6310 830
6698 18662 7313
6698 19215 2278
6698 6490 4567
6698 22768 2289
6698 20524 5973
6310 17048 1289
6310 21952 2418
6310 24094 967
6310 22768 2113
6310 24380 6765
6310 3594 7218
9 12075 583
9 24090 2338
9 3737 4809
9 14849 2663
9 30571 5652
19022 2013 7357
19022 10104 4748
19022 19011 3289
19022 21989 6713
12127 4909 3523
12127 16808 2187
12127 10104 7801
12127 29942 3740
12127 31003 362
12127 11387 8447
12127 22768 3264
9464 26342 8344
9464 10104 4869
9464 12635 4911
9464 14849 260
9464 17549 2729
17530 1666 714
17530 24090 958
17530 22768 1533
17530 20524 70
22784 228 3339
22784 17549 2026
9853 12778 5692
9853 20455 4962
9853 6076 8372
9853 14584 6063
9853 11310 7389
12364 4909 1372
12364 7807 2884
12364 6250 5856
12364 20524 4757
16828 7807 1689
12224 30499 8375
12224 20524 5320
12778 30499 2151
12778 21490 7901
12778 20524 4005
27961 12075 6871
27961 24163 6814
17048 361 6218
17048 24380 5604
1666 3594 5398
8415 41 2725
8415 14849 65
18662 29942 1071
12075 12635 1333
12075 11293 5519
22082 1802 3477
22082 24094 7305
22082 22768 7555
13434 26342 1902
13434 21989 8129
13434 24380 1032
15307 3737 6305
15307 14849 3417
15307 22768 1864
15307 30571 5256
10903 361 381
20455 10462 985
20455 3737 97
20455 14849 4985
19215 361 7679
19215 26342 4110
6076 14584 4742
6076 410 4725
14584 30499 7175
14584 361 4060
14584 21490 1270
14584 1802 1044
14584 24090 2693
14584 3594 7378
14584 17549 1387
14957 1802 8787
14957 24090 1000
21952 22768 5564
21952 30571 8847
30499 3737 5164
410 31003 3535
410 228 3691
31811 21490 7061
31811 41 3762
31811 24090 1919
31811 21989 8727
31811 22768 1193
31811 30571 2323
19533 16808 4049
19533 26342 1642
19533 228 6082
19533 25956 2387
19533 11859 555
19533 20524 6477
21490 6250 545
4909 24094 8532
31080 6359 6851
31080 19011 6593
31080 6250 1078
16808 1024 2865
16808 6490 1242
16808 11387 796
1024 24094 1610
2013 6490 7492
2013 24090 3532
2013 19011 924
2013 14849 3603
2013 11859 302
1802 10104 3707
1802 904 2690
1802 14849 5042
1802 11859 2082
26342 7807 261
26342 41 1132
30228 904 3186
30228 31003 6561
30228 10462 8785
30228 11293 6843
30228 3594 2090
30228 17549 2180
10104 6490 7029
10104 14849 6585
10104 11859 8130
10104 6250 3629
29942 7807 4257
11310 21989 8745
11310 11859 2567
6490 11859 1324
6490 20524 2279
6490 24380 234
12635 31003 1734
41 17549 8334
31003 22768 5558
11387 24090 8040
11387 6359 3800
11387 25956 4178
11387 17549 823
24090 6359 5393
3737 14849 2084
24163 22768 2390
24094 22768 6529
24094 20524 5602
6359 19011 228
20524 11293 8011
20524 30571 8974
20524 3594 4870
